0.182 0.092 1.80886 71.9377 10.9094 0.893324 0.91388
0.068 0.046 1.69759 45.7309 11.0974 0.967334 0.965507
0.055 0.042 1.50784 46.6588 9.8996 0.974033 0.970276
0.046 0.035 1.3555 44.4136 10.0704 0.978665 0.975869
0.040 0.031 1.26085 32.1301 9.73971 0.98167 0.977518
0.036 0.039 1.32689 34.4816 10.4135 0.98336 0.972009
0.035 0.033 1.26905 30.823 9.84394 0.983683 0.976192
0.033 0.033 1.14794 32.6465 11.6866 0.984312 0.975756
0.032 0.032 1.33326 29.7719 11.28 0.984755 0.97851
0.031 0.031 1.15922 30.8687 9.17182 0.98511 0.979951
0.030 0.030 1.20934 30.2151 9.60856 0.985205 0.978259
0.030 0.031 1.2229 27.3893 11.0338 0.985731 0.978743
0.030 0.036 1.23982 36.9113 12.5698 0.985783 0.972552
0.032 0.037 1.25154 42.7797 12.1348 0.985014 0.970993
0.029 0.031 1.15568 29.436 10.5283 0.98607 0.979514
0.027 0.029 1.24217 29.4139 9.82899 0.986939 0.978899
0.027 0.031 1.20053 31.1303 11.4554 0.986616 0.975289
0.027 0.029 1.16475 27.4452 10.7529 0.986947 0.980375
0.026 0.033 1.18794 37.2356 10.7716 0.987302 0.977429
0.025 0.027 1.09883 29.5788 9.73993 0.987708 0.981331
0.025 0.030 1.18231 29.0456 9.77028 0.988107 0.978965
0.024 0.029 1.29598 26.5149 10.0574 0.988187 0.97955
0.024 0.028 1.10479 33.5116 10.5993 0.988426 0.980602
0.024 0.030 1.18612 35.7418 11.0899 0.98847 0.97664
0.024 0.031 1.14457 32.02 10.1201 0.988238 0.979437
0.024 0.029 1.1408 29.8657 9.35201 0.988282 0.979054
0.023 0.032 1.15572 29.9716 9.96896 0.988637 0.979562
0.022 0.027 1.13013 30.0777 10.2441 0.988912 0.980058
0.023 0.027 1.12761 30.6444 9.94647 0.989012 0.981158
0.023 0.033 1.22905 33.6326 11.2663 0.988597 0.975499
0.023 0.026 1.11905 27.3611 10.2258 0.989004 0.980769
0.022 0.027 1.0781 26.6815 10.0727 0.988733 0.981307
0.021 0.025 1.07896 25.6877 11.1018 0.989147 0.981319
0.021 0.026 1.0645 28.113 11.1548 0.989295 0.980883
0.021 0.033 1.18779 29.0603 10.893 0.989295 0.974722
0.022 0.029 1.11888 28.3456 11.1846 0.989147 0.978236
0.021 0.026 1.02107 26.1508 9.80905 0.989191 0.980865
0.021 0.027 1.0915 26.9834 10.2769 0.989071 0.979718
0.021 0.026 1.13583 31.6251 11.9094 0.989386 0.97869
0.021 0.031 1.18071 28.5851 10.8244 0.989219 0.975845
0.021 0.028 1.05669 32.1747 9.42475 0.989362 0.980273
0.021 0.026 1.04795 28.6812 10.2768 0.989191 0.980351
0.021 0.029 1.10949 27.3542 9.72371 0.989458 0.97967
0.020 0.027 1.08328 30.1254 11.6272 0.989458 0.979592
0.020 0.029 1.08501 35.53 9.87379 0.989665 0.978224
0.020 0.028 1.14996 27.5588 10.3317 0.989837 0.979353
0.020 0.027 1.13497 28.8619 10.3675 0.989773 0.980751
0.020 0.026 1.0978 30.8895 11.5045 0.98992 0.979998
0.020 0.023 1.06942 25.4781 10.2144 0.989944 0.982395
0.019 0.028 1.10491 28.79 10.6595 0.990355 0.980279
0.019 0.025 1.04755 29.5942 10.9515 0.990482 0.981845
0.018 0.026 1.15347 25.4498 11.3688 0.990678 0.981463
0.018 0.024 1.10041 24.989 9.92508 0.990717 0.982192
0.018 0.027 1.13987 27.9961 11.8526 0.990765 0.981546
0.018 0.024 1.02961 28.2313 12.2507 0.990713 0.982986
0.017 0.025 1.033 27.3366 11.9702 0.991128 0.982544
0.017 0.026 1.0698 25.664 12.253 0.991136 0.980226
0.017 0.025 1.08052 27.3296 9.61785 0.990857 0.982132
0.017 0.028 1.1062 29.1296 10.5232 0.9911 0.981373
0.017 0.026 1.06172 31.3618 10.3378 0.991196 0.981427
0.017 0.026 1.05851 26.6807 11.1085 0.991283 0.981809
0.017 0.023 1.09275 24.5248 9.56294 0.991327 0.981498
0.017 0.025 1.12566 27.4636 11.2637 0.991347 0.981445
0.017 0.027 1.03145 26.1766 9.80714 0.991339 0.982425
0.017 0.024 1.02611 27.3952 10.6082 0.991383 0.982694
0.017 0.026 1.06471 30.7566 9.46118 0.991487 0.981241
0.017 0.028 1.13061 27.8803 11.0583 0.991519 0.97903
0.017 0.027 1.12309 28.3798 11.9815 0.991435 0.980488
0.016 0.027 1.10859 24.6402 10.0939 0.991507 0.981642
0.016 0.028 1.08642 25.4046 11.2772 0.991574 0.979598
0.016 0.031 1.06962 31.8943 9.64975 0.991558 0.980339
0.016 0.030 1.098 37.4582 9.64486 0.991471 0.979491
0.016 0.029 0.989278 27.2804 10.548 0.991754 0.979245
0.016 0.030 1.10448 28.8289 10.1685 0.991873 0.977626
0.016 0.028 1.15267 26.9954 9.56407 0.991989 0.977686
0.016 0.028 1.10215 27.0815 9.69445 0.991881 0.979341
0.017 0.023 0.964279 27.7043 10.1142 0.991519 0.98356
0.016 0.025 1.05392 25.0659 10.3271 0.991614 0.981367
0.016 0.024 1.04179 24.8886 10.9154 0.991646 0.982048
0.016 0.029 1.11223 28.216 9.97104 0.991786 0.978247
0.017 0.027 1.08627 28.4914 9.67371 0.991411 0.982239
0.017 0.031 1.12923 28.9012 10.3401 0.991523 0.978475
0.016 0.031 1.11214 26.1198 11.5774 0.991738 0.979096
0.016 0.033 1.14713 30.7836 11.238 0.991451 0.976084
0.016 0.029 1.06509 26.202 10.5347 0.991782 0.979574
0.016 0.027 1.11162 25.2699 10.3728 0.991833 0.98016
0.016 0.028 1.07019 25.2104 10.5113 0.991941 0.979371
0.016 0.026 1.09884 24.448 10.3628 0.991925 0.982239
0.015 0.029 1.03674 24.1558 10.9788 0.992069 0.979508
0.015 0.031 1.15564 26.9634 9.95932 0.991897 0.977512
0.015 0.027 1.16151 28.495 11.6939 0.99167 0.979861
0.016 0.028 1.07844 25.1943 10.7165 0.991809 0.980811
0.015 0.031 1.13359 23.5292 11.0644 0.99173 0.974232
0.015 0.027 1.14117 25.3366 9.86881 0.991841 0.979771
0.015 0.029 1.09784 26.2665 9.88181 0.991849 0.978534
0.015 0.031 1.23444 28.1035 9.85352 0.991802 0.977937
0.015 0.027 1.07291 24.2554 10.5608 0.991686 0.980739
0.015 0.030 1.14094 31.6612 9.67566 0.991837 0.977996
0.015 0.028 1.27406 25.9443 9.7104 0.991726 0.981068
0.015 0.029 1.10048 27.527 10.4617 0.991614 0.980584
0.016 0.027 1.15589 26.3346 10.197 0.991419 0.980722
0.016 0.026 1.09689 25.8881 9.66624 0.991427 0.97924
0.016 0.028 1.13824 26.3888 9.06204 0.991367 0.979186
0.016 0.023 1.06518 24.0217 9.92062 0.99165 0.983243
0.015 0.030 1.15814 27.056 9.91402 0.991837 0.978576
0.016 0.028 1.10304 26.3289 10.6545 0.991642 0.979228
0.016 0.027 1.15037 25.6188 9.286 0.991714 0.979508
0.016 0.036 1.31435 28.0128 9.60478 0.991714 0.971949
0.015 0.026 1.12036 25.784 8.99623 0.991774 0.980817
0.015 0.025 1.07377 24.9405 9.355 0.991786 0.982275
0.015 0.025 1.09286 26.0418 9.95422 0.991813 0.981977
0.015 0.027 1.0515 26.0192 9.35357 0.991698 0.981224
0.015 0.029 1.13364 26.6025 10.2255 0.991758 0.97955
0.015 0.027 1.10199 25.1938 9.59247 0.991977 0.981283
0.015 0.026 1.07053 26.3182 9.94095 0.991889 0.981421
0.015 0.028 1.17117 26.4145 9.45695 0.991873 0.980148
0.015 0.028 1.08252 27.4378 9.59581 0.992156 0.981128
0.014 0.028 1.10631 26.8192 9.30562 0.992244 0.978056
0.015 0.029 1.1526 27.3662 9.78187 0.992216 0.978654
0.015 0.028 1.09839 27.9965 10.3215 0.992029 0.979969
0.015 0.039 1.23851 34.4487 9.73025 0.991929 0.975152
0.015 0.030 1.14577 28.8148 10.3816 0.991981 0.980488
0.015 0.024 1.12801 24.8676 10.5342 0.992081 0.982729
0.015 0.029 1.17611 26.6486 8.98967 0.992049 0.980273
0.015 0.029 1.21329 26.1477 10.3892 0.991933 0.980435
0.015 0.031 1.24721 31.798 9.80925 0.992009 0.97707
0.015 0.026 1.08367 26.6189 11.4038 0.991965 0.982634
0.015 0.029 1.11889 27.1963 10.1065 0.992403 0.9812
0.015 0.027 1.22819 26.7385 10.7399 0.9921 0.982126
0.015 0.029 1.12019 26.375 10.1754 0.992041 0.980483
0.015 0.029 1.20176 31.6561 10.466 0.992061 0.980363
0.015 0.027 1.12588 29.3114 11.9201 0.99212 0.981307
0.015 0.029 1.23337 29.6161 9.47938 0.992447 0.979317
0.015 0.030 1.13009 31.7873 11.2393 0.992443 0.980459
0.015 0.027 1.15161 29.3833 9.97559 0.992371 0.981224
0.015 0.029 1.19533 28.9962 10.0419 0.992451 0.980811
0.015 0.029 1.23311 31.1767 9.25496 0.992367 0.98016
0.015 0.031 1.14505 34.4474 9.90574 0.992308 0.977459
0.015 0.030 1.14745 31.9617 10.1239 0.991993 0.980226
0.015 0.028 1.11958 27.8695 10.0847 0.992403 0.980823
0.015 0.035 1.12111 37.2025 9.92039 0.992344 0.975206
0.015 0.028 1.12156 27.0916 10.778 0.992447 0.981212
0.015 0.029 1.1319 28.686 9.85643 0.992292 0.979771
0.015 0.035 1.10992 32.5999 9.95416 0.992176 0.974656
0.015 0.035 1.12377 33.0217 10.1105 0.992415 0.972606
0.015 0.029 1.06446 28.0991 9.40378 0.99236 0.978899
0.015 0.026 1.0873 26.6859 9.06146 0.992455 0.982329
0.015 0.026 1.00931 28.7124 9.73467 0.992423 0.981176
0.014 0.026 1.04909 27.5254 10.1791 0.992591 0.982281
0.014 0.025 1.01634 26.7044 9.75876 0.992654 0.983375
0.014 0.025 1.06213 26.4092 10.1323 0.992531 0.983883
0.014 0.025 1.02736 25.1014 10.7923 0.992639 0.982718
0.015 0.026 1.05561 24.9622 10.4935 0.992403 0.982664
0.015 0.025 0.999326 25.1013 11.4108 0.992367 0.982974
0.015 0.028 1.06051 26.6811 10.826 0.992395 0.979855
0.015 0.028 1.11154 28.3506 10.7981 0.992164 0.979843
0.016 0.027 1.04045 27.8308 10.5555 0.991937 0.981176
0.016 0.030 1.10537 28.2155 10.8215 0.991889 0.978983
0.016 0.028 1.11863 27.2675 10.329 0.992144 0.979222
0.015 0.027 1.09506 28.0102 9.43393 0.992188 0.981337
0.015 0.030 1.147 27.6056 10.8434 0.992224 0.975738
0.015 0.025 0.961648 26.5119 10.2216 0.992224 0.982628
0.016 0.030 1.13155 29.6579 12.3133 0.992136 0.979986
0.016 0.030 1.11033 28.0689 10.784 0.991778 0.981684
0.016 0.029 1.12834 28.278 10.7913 0.991702 0.981247
0.016 0.029 1.12397 28.7249 10.5676 0.991598 0.982102
0.016 0.028 1.13241 27.3547 11.2295 0.991654 0.982114
0.016 0.031 1.17597 30.1409 10.3195 0.991778 0.98071
0.016 0.031 1.11264 27.1475 11.544 0.991829 0.980506
0.016 0.034 1.14715 30.2518 10.7538 0.99153 0.97817
0.016 0.033 1.14229 30.4852 10.5272 0.99161 0.979431
0.016 0.034 1.20124 27.4485 10.8168 0.991778 0.978492
0.016 0.034 1.13379 28.8106 10.285 0.991845 0.979024
0.016 0.034 1.16263 29.1808 10.1378 0.99167 0.97906
0.017 0.034 1.1581 27.4021 10.0912 0.991698 0.979473
0.016 0.033 1.0499 28.181 10.188 0.991802 0.980548
0.016 0.034 1.15752 29.4183 9.84476 0.991813 0.978779
0.016 0.035 1.09346 28.6141 10.6279 0.992085 0.979765
0.016 0.035 1.11072 30.1536 11.96 0.991921 0.979616
0.016 0.035 1.10024 29.441 11.3091 0.992092 0.98007
0.016 0.036 1.05369 29.2559 10.4292 0.992144 0.98053
0.016 0.033 1.04914 29.0265 11.3398 0.992088 0.980476
0.015 0.033 1.02487 28.7659 11.1668 0.99234 0.981319
0.015 0.035 1.05602 29.3513 10.8305 0.99218 0.980829
0.015 0.035 1.03235 30.3184 10.6804 0.992264 0.980465
0.015 0.031 1.0026 27.9925 10.6536 0.992463 0.982018
0.015 0.035 1.06566 28.1379 10.599 0.992379 0.978427
0.015 0.035 1.06771 29.2816 10.257 0.992168 0.980321
0.015 0.034 1.05465 28.9891 9.55849 0.9923 0.979275
0.015 0.033 1.04724 28.6352 11.1335 0.992232 0.980955
0.015 0.034 1.03336 28.042 11.3142 0.992264 0.97851
0.015 0.031 1.00219 27.0036 10.7152 0.992292 0.982198
0.014 0.032 1.02706 27.295 11.4008 0.99269 0.981564
0.014 0.031 0.992764 27.6685 11.0907 0.992734 0.980638
0.014 0.033 1.01138 27.6554 11.5228 0.99281 0.979849
0.014 0.031 0.997395 26.1928 12.2484 0.992682 0.981152
0.014 0.031 1.03594 28.2151 9.64255 0.992802 0.980985
0.015 0.031 1.02607 28.0219 10.4472 0.992447 0.980883
0.014 0.030 1.07465 26.3101 9.95482 0.992786 0.981355
0.014 0.051 1.18921 29.2435 10.0684 0.992806 0.975887
